Annotation Cluster 1	Enrichment Score: 5.4685550566834795
Category	Term	Count	%	PValue	Genes	List Total	Pop Hits	Pop Total	Fold Enrichment	Bonferroni	Benjamini	FDR
UP_KW_MOLECULAR_FUNCTION	KW-0217~Developmental protein	25	19.379844961240313	4.1662322215212883E-7	5063, 4010, 8633, 4211, 2254, 6492, 652, 1496, 6469, 10253, 6425, 4821, 10512, 54738, 2824, 4825, 3670, 4760, 8324, 3398, 3549, 1601, 1641, 4038, 3642	89	1055	11872	3.160977687842803	1.708140977718653E-5	8.540776054118642E-6	8.124152831966513E-6
UP_KW_MOLECULAR_FUNCTION	KW-9996~Developmental protein	25	19.379844961240313	4.1662322215212883E-7	5063, 4010, 8633, 4211, 2254, 6492, 652, 1496, 6469, 10253, 6425, 4821, 10512, 54738, 2824, 4825, 3670, 4760, 8324, 3398, 3549, 1601, 1641, 4038, 3642	89	1055	11872	3.160977687842803	1.708140977718653E-5	8.540776054118642E-6	8.124152831966513E-6
UP_KW_BIOLOGICAL_PROCESS	KW-0221~Differentiation	16	12.4031007751938	2.2638512274956055E-4	3670, 4760, 9699, 2254, 6492, 1601, 3958, 652, 1641, 1496, 6425, 4038, 3642, 10512, 54738, 2824	76	818	11447	2.9460815853815467	0.011704324287243328	0.005886013191488574	0.005886013191488574

Annotation Cluster 2	Enrichment Score: 3.0087987139975474
Category	Term	Count	%	PValue	Genes	List Total	Pop Hits	Pop Total	Fold Enrichment	Bonferroni	Benjamini	FDR
GOTERM_BP_DIRECT	GO:0042733~embryonic digit morphogenesis	5	3.875968992248062	3.916827495481293E-4	3549, 652, 6299, 6469, 4038	124	54	19256	14.37873357228196	0.427570385739774	0.06458079574783558	0.06331094864043432
GOTERM_BP_DIRECT	GO:0033085~negative regulation of T cell differentiation in thymus	3	2.3255813953488373	5.969783274521845E-4	3549, 652, 6469	124	6	19256	77.64516129032258	0.572735057576325	0.0653920875609162	0.06410628808640381
GOTERM_BP_DIRECT	GO:0048745~smooth muscle tissue development	3	2.3255813953488373	0.0040244899600768	3549, 652, 6469	124	15	19256	31.05806451612903	0.9967930554821526	0.21225458159812458	0.20808103645434123

Annotation Cluster 3	Enrichment Score: 2.6153325844053055
Category	Term	Count	%	PValue	Genes	List Total	Pop Hits	Pop Total	Fold Enrichment	Bonferroni	Benjamini	FDR
INTERPRO	IPR036383:TSP1_rpt_sf	5	3.875968992248062	7.605752974283022E-4	7057, 8633, 83872, 84870, 56999	129	66	20603	12.099483204134367	0.3164341880592323	0.06708427268255052	0.06614509286499483
INTERPRO	IPR000884:TSP1_rpt	5	3.875968992248062	8.050112721906063E-4	7057, 8633, 83872, 84870, 56999	129	67	20603	11.918893902580123	0.33146580631435163	0.06708427268255052	0.06614509286499483
SMART	SM00209:TSP1	5	3.875968992248062	0.0024644379100140666	7057, 8633, 83872, 84870, 56999	93	66	10690	8.708048224177256	0.2414584626374321	0.13800852296078772	0.1367763040057807
UP_SEQ_FEATURE	DOMAIN:TSP type-1 1	4	3.10077519379845	0.0025832456778876736	7057, 8633, 83872, 56999	126	45	20562	14.505820105820105	0.9449528486653467	0.41368834355886885	0.41368834355886885
UP_SEQ_FEATURE	DOMAIN:TSP type-1 2	4	3.10077519379845	0.0025832456778876736	7057, 8633, 83872, 56999	126	45	20562	14.505820105820105	0.9449528486653467	0.41368834355886885	0.41368834355886885
UP_SEQ_FEATURE	DOMAIN:TSP type-1 3	3	2.3255813953488373	0.020184175435064775	7057, 83872, 56999	126	36	20562	13.599206349206348	0.9999999998817155	0.8080878808109861	0.8080878808109861

Annotation Cluster 4	Enrichment Score: 2.4052639832742257
Category	Term	Count	%	PValue	Genes	List Total	Pop Hits	Pop Total	Fold Enrichment	Bonferroni	Benjamini	FDR
INTERPRO	IPR013098:Ig_I-set	9	6.976744186046512	2.4063596641109543E-6	8633, 57453, 83872, 4684, 23022, 5789, 50863, 10512, 7273	129	138	20603	10.416076845298281	0.001202457747300767	0.0012031798320554772	0.0011863353144067005
INTERPRO	IPR003598:Ig_sub2	10	7.751937984496124	3.872536645641325E-5	8633, 57453, 83872, 4684, 56884, 23022, 5789, 50863, 253559, 7273	129	262	20603	6.095922835670749	0.01917679826524188	0.009681341614103313	0.009545802831505865
GOTERM_BP_DIRECT	GO:0007155~cell adhesion	13	10.077519379844961	2.150629848766413E-4	7057, 8633, 6695, 4684, 1462, 27253, 57453, 23022, 1496, 11122, 50863, 5789, 10631	124	551	19256	3.6638370118845502	0.26382147363640696	0.06410709437026131	0.06284656161578987
SMART	SM00408:IGc2	10	7.751937984496124	4.095345462582022E-4	8633, 57453, 83872, 4684, 56884, 23022, 5789, 50863, 253559, 7273	93	262	10690	4.387260937371748	0.044840812570484	0.04586786918091865	0.045458334634660445
INTERPRO	IPR003599:Ig_sub	12	9.30232558139535	4.691213743146355E-4	8633, 57453, 83872, 4684, 56884, 23022, 1462, 5789, 50863, 253559, 10512, 7273	129	529	20603	3.622983250538532	0.20912529386633694	0.060930628849379095	0.06007760004548779
INTERPRO	IPR043204:Basigin-like	4	3.10077519379845	4.874450307950328E-4	8633, 57453, 23022, 5789	129	25	20603	25.55410852713178	0.21634149616809184	0.060930628849379095	0.06007760004548779
UP_SEQ_FEATURE	DOMAIN:Ig-like C2-type 3	6	4.651162790697675	0.0013244982892597768	57453, 83872, 4684, 23022, 5789, 50863	126	133	20562	7.361976369495166	0.7736667332131016	0.41368834355886885	0.41368834355886885
UP_SEQ_FEATURE	DOMAIN:Ig-like C2-type 1	7	5.426356589147287	0.0022340261918323574	57453, 83872, 4684, 23022, 5789, 50863, 253559	126	219	20562	5.216133942161339	0.9184994017812395	0.41368834355886885	0.41368834355886885
UP_SEQ_FEATURE	DOMAIN:Ig-like C2-type 2	7	5.426356589147287	0.0022340261918323574	57453, 83872, 4684, 23022, 5789, 50863, 253559	126	219	20562	5.216133942161339	0.9184994017812395	0.41368834355886885	0.41368834355886885
INTERPRO	IPR007110:Ig-like_dom	13	10.077519379844961	0.0028661167108652496	8633, 4684, 1462, 7273, 57453, 83872, 23022, 56884, 11122, 50863, 5789, 253559, 10512	129	763	20603	2.721194387718817	0.7619122424682205	0.1791322944290781	0.176624442307071
UP_SEQ_FEATURE	DOMAIN:Fibronectin type-III	6	4.651162790697675	0.00445593006117038	57453, 4684, 84457, 11122, 5789, 7273	126	176	20562	5.563311688311688	0.9933040986057209	0.5663865380957406	0.5663865380957406
GOTERM_BP_DIRECT	GO:0007156~homophilic cell adhesion via plasma membrane adhesion molecules	6	4.651162790697675	0.004730288700022978	27253, 57453, 83872, 23022, 11122, 253559	124	170	19256	5.480834914611005	0.9988313581044073	0.2245310369610907	0.22011610084106922
UP_SEQ_FEATURE	DOMAIN:Ig-like C2-type 5	4	3.10077519379845	0.005052511490595366	57453, 83872, 4684, 23022	126	57	20562	11.451963241436925	0.9965803673031824	0.5663865380957406	0.5663865380957406
UP_KW_DOMAIN	KW-0393~Immunoglobulin domain	13	10.077519379844961	0.005087274793831583	8633, 4684, 1462, 7273, 57453, 83872, 23022, 56884, 11122, 50863, 5789, 253559, 10512	96	790	14600	2.5026371308016877	0.09697512657594809	0.03391516529221056	0.0305236487629895
SMART	SM00409:IG	12	9.30232558139535	0.005576246416391331	8633, 57453, 83872, 4684, 56884, 23022, 1462, 5789, 50863, 253559, 10512, 7273	93	529	10690	2.6074760656137568	0.4654272196183231	0.16656719638423653	0.165079989273663
UP_SEQ_FEATURE	DOMAIN:Fibronectin type-III 4	4	3.10077519379845	0.006976571671074973	57453, 11122, 5789, 7273	126	64	20562	10.199404761904761	0.9996095245120337	0.707667900073974	0.707667900073974
INTERPRO	IPR036179:Ig-like_dom_sf	13	10.077519379844961	0.007665527578655876	8633, 4684, 1462, 7273, 57453, 83872, 23022, 56884, 11122, 50863, 5789, 253559, 10512	129	865	20603	2.4003136622305865	0.9786676242778012	0.31939698244399484	0.3149254246897789
UP_SEQ_FEATURE	DOMAIN:Ig-like	11	8.527131782945736	0.007808760354403938	8633, 57453, 4684, 23022, 11122, 1462, 5789, 50863, 253559, 10512, 7273	126	670	20562	2.6792466240227433	0.9998474436908988	0.707667900073974	0.707667900073974
GOTERM_BP_DIRECT	GO:0007411~axon guidance	6	4.651162790697675	0.00800658109237911	8633, 57453, 23022, 6469, 5789, 10512	124	193	19256	4.827678422196223	0.9999893213013403	0.27808223111092323	0.2726143220722253
INTERPRO	IPR003961:FN3_dom	6	4.651162790697675	0.009908796782478272	57453, 4684, 84457, 11122, 5789, 7273	129	209	20603	4.585067319461444	0.9931198017860033	0.3432051311767919	0.3384002593403168
INTERPRO	IPR036116:FN3_sf	6	4.651162790697675	0.010296153935303757	57453, 4684, 84457, 11122, 5789, 7273	129	211	20603	4.541606965722473	0.9943424423913397	0.3432051311767919	0.3384002593403168
UP_SEQ_FEATURE	DOMAIN:Fibronectin type-III 1	5	3.875968992248062	0.010322807969517395	57453, 4684, 11122, 5789, 7273	126	139	20562	5.870161014045906	0.9999911226641334	0.7232417333643125	0.7232417333643125
UP_SEQ_FEATURE	DOMAIN:Fibronectin type-III 2	5	3.875968992248062	0.010322807969517395	57453, 4684, 11122, 5789, 7273	126	139	20562	5.870161014045906	0.9999911226641334	0.7232417333643125	0.7232417333643125
UP_SEQ_FEATURE	DOMAIN:Ig-like C2-type 4	4	3.10077519379845	0.01415797363258467	57453, 83872, 4684, 23022	126	83	20562	7.864601262191623	0.9999998857082562	0.7526376295266141	0.7526376295266141
UP_SEQ_FEATURE	DOMAIN:Fibronectin type-III 6	3	2.3255813953488373	0.015194073795459902	57453, 5789, 7273	126	31	20562	15.792626728110598	0.9999999648372839	0.7526376295266141	0.7526376295266141
UP_SEQ_FEATURE	DOMAIN:Fibronectin type-III 3	4	3.10077519379845	0.01556460743602781	57453, 11122, 5789, 7273	126	86	20562	7.590254706533775	0.9999999769392915	0.7526376295266141	0.7526376295266141
INTERPRO	IPR013783:Ig-like_fold	14	10.852713178294573	0.02191654767853802	8633, 4684, 1462, 7273, 57453, 83872, 84457, 23022, 56884, 11122, 50863, 5789, 253559, 10512	129	1119	20603	1.9981988347846569	0.9999845845685464	0.40586199404700035	0.40017992613034237
UP_SEQ_FEATURE	DOMAIN:Fibronectin type-III 5	3	2.3255813953488373	0.03061729515304574	57453, 5789, 7273	126	45	20562	10.879365079365078	0.9999999999999992	1.0	1.0
SMART	SM00060:FN3	5	3.875968992248062	0.04028364174792578	57453, 4684, 11122, 5789, 7273	93	150	10690	3.831541218637993	0.9899998962706318	0.5013075417519652	0.4968315815577513
UP_KW_BIOLOGICAL_PROCESS	KW-0130~Cell adhesion	8	6.2015503875969	0.042927955246624856	27253, 7057, 57453, 4684, 1496, 50863, 253559, 10631	76	495	11447	2.4342371079213185	0.8978776465977694	0.5580634182061232	0.5580634182061232
INTERPRO	IPR013106:Ig_V-set	6	4.651162790697675	0.18021242850945085	57453, 83872, 1462, 50863, 253559, 7273	129	481	20603	1.99226417831069	1.0	1.0	0.9879759519038076

Annotation Cluster 5	Enrichment Score: 2.0375227850530617
Category	Term	Count	%	PValue	Genes	List Total	Pop Hits	Pop Total	Fold Enrichment	Bonferroni	Benjamini	FDR
KEGG_PATHWAY	hsa05226:Gastric cancer	8	6.2015503875969	1.5596048599249583E-4	8324, 1496, 10000, 6469, 2254, 7042, 3845, 581	69	149	8662	6.740200369613851	0.0314686171174241	0.03197189962846164	0.029320571366589217
GOTERM_BP_DIRECT	GO:0030326~embryonic limb morphogenesis	3	2.3255813953488373	0.02695234698305958	6469, 2254, 7042	124	40	19256	11.646774193548387	1.0	0.4624113506491186	0.45331899263073705
GOTERM_BP_DIRECT	GO:0051781~positive regulation of cell division	3	2.3255813953488373	0.03916003385028733	6469, 2254, 7042	124	49	19256	9.507570770243582	1.0	0.5413969728428073	0.5307515267475836
GOTERM_BP_DIRECT	GO:0008284~positive regulation of cell proliferation	8	6.2015503875969	0.0429986313649623	7057, 652, 3670, 4211, 51412, 6469, 2254, 7042	124	504	19256	2.4649257552483355	1.0	0.5731569887719454	0.5618870479814858

Annotation Cluster 6	Enrichment Score: 1.824867310192381
Category	Term	Count	%	PValue	Genes	List Total	Pop Hits	Pop Total	Fold Enrichment	Bonferroni	Benjamini	FDR
GOTERM_BP_DIRECT	GO:0007224~smoothened signaling pathway	5	3.875968992248062	0.0022483014773878513	3549, 6469, 2254, 4821, 4825	124	86	19256	9.028507126781696	0.9594486321846626	0.16007906519001502	0.156931443121672
GOTERM_BP_DIRECT	GO:0045880~positive regulation of smoothened signaling pathway	3	2.3255813953488373	0.024492763586707815	3549, 6469, 2254	124	38	19256	12.259762308998303	0.9999999999999996	0.4529570824347004	0.44405062294862485
GOTERM_BP_DIRECT	GO:0007267~cell-cell signaling	5	3.875968992248062	0.06088435829081364	3549, 2259, 4550, 6469, 2254	124	231	19256	3.361262393520458	1.0	0.6254511024092063	0.6131529065753174

Annotation Cluster 7	Enrichment Score: 1.7125925143268594
Category	Term	Count	%	PValue	Genes	List Total	Pop Hits	Pop Total	Fold Enrichment	Bonferroni	Benjamini	FDR
GOTERM_BP_DIRECT	GO:0060070~canonical Wnt signaling pathway	6	4.651162790697675	5.442201888862549E-4	3670, 8324, 6469, 84870, 6425, 2254	124	104	19256	8.959057071960297	0.5393793697042679	0.06458079574783558	0.06331094864043432
GOTERM_BP_DIRECT	GO:0090090~negative regulation of canonical Wnt signaling pathway	5	3.875968992248062	0.015720468233970164	1601, 3670, 6469, 6425, 4038	124	150	19256	5.176344086021506	0.9999999998412629	0.37515454892303124	0.3677779145340952
UP_KW_BIOLOGICAL_PROCESS	KW-0879~Wnt signaling pathway	5	3.875968992248062	0.041434526331644565	1601, 8324, 84870, 6425, 4038	76	199	11447	3.7843824385083304	0.8892528206156454	0.5580634182061232	0.5580634182061232
KEGG_PATHWAY	hsa04310:Wnt signaling pathway	3	2.3255813953488373	0.3981323232268953	8324, 84870, 6425	69	174	8662	2.1644177911044475	1.0	0.8616194824140359	0.7901681107016525

Annotation Cluster 8	Enrichment Score: 1.6914241188610184
Category	Term	Count	%	PValue	Genes	List Total	Pop Hits	Pop Total	Fold Enrichment	Bonferroni	Benjamini	FDR
KEGG_PATHWAY	hsa05414:Dilated cardiomyopathy	6	4.651162790697675	0.0012417051418086146	114, 70, 4624, 4625, 7042, 7273	69	103	8662	7.312790206838328	0.22485697848297515	0.0636373885176915	0.05836014166500489
KEGG_PATHWAY	hsa05410:Hypertrophic cardiomyopathy	5	3.875968992248062	0.006963351347495069	70, 4624, 4625, 7042, 7273	69	97	8662	6.470939787838041	0.7612838921581807	0.19583140222845252	0.17959172497048329
GOTERM_BP_DIRECT	GO:0006941~striated muscle contraction	3	2.3255813953488373	0.007850262848635253	4624, 4625, 7273	124	21	19256	22.184331797235025	0.9999866351636354	0.27808223111092323	0.2726143220722253
GOTERM_CC_DIRECT	GO:0030018~Z disc	5	3.875968992248062	0.010461635899652393	23022, 4624, 4625, 7273, 8470	129	136	20521	5.8484382124943	0.9119074882595567	0.12719146804314224	0.11783105697503223
GOTERM_BP_DIRECT	GO:0006936~muscle contraction	4	3.10077519379845	0.013665958452310925	2775, 4624, 4625, 7273	124	78	19256	7.963606286186931	0.9999999969082262	0.36037638585353254	0.35329033332270465
GOTERM_MF_DIRECT	GO:0051015~actin filament binding	6	4.651162790697675	0.014245344253540492	10391, 29114, 1496, 4624, 4625, 7273	126	215	18883	4.182281284606866	0.9892612811707668	0.6430755405883994	0.6430755405883994
GOTERM_BP_DIRECT	GO:0060048~cardiac muscle contraction	3	2.3255813953488373	0.029507224412362067	4624, 4625, 7273	124	42	19256	11.092165898617512	1.0	0.49433279486121867	0.4846127679959699
UP_KW_DISEASE	KW-0122~Cardiomyopathy	5	3.875968992248062	0.03140846805993506	70, 4624, 4625, 3845, 7273	57	102	4749	4.084107327141383	0.662104267681334	1.0	1.0
GOTERM_BP_DIRECT	GO:0045214~sarcomere organization	3	2.3255813953488373	0.03215461210172816	4624, 4625, 7273	124	44	19256	10.587976539589441	1.0	0.5031666772841857	0.493272950483654
KEGG_PATHWAY	hsa04261:Adrenergic signaling in cardiomyocytes	5	3.875968992248062	0.032532461096041417	114, 10000, 70, 4624, 4625	69	154	8662	4.075851684547336	0.9988637799405194	0.2778814385286871	0.25483761191899107
GOTERM_MF_DIRECT	GO:0005516~calmodulin binding	5	3.875968992248062	0.04886442135989553	114, 4624, 4625, 9066, 7273	126	207	18883	3.6199294532627864	0.9999998667684559	0.860787224639871	0.860787224639871
UP_KW_MOLECULAR_FUNCTION	KW-0112~Calmodulin-binding	4	3.10077519379845	0.11089339045238761	4624, 4625, 9066, 7273	89	157	11872	3.3985543548271666	0.9919256533728574	0.6495184297925559	0.6178346039490167
KEGG_PATHWAY	hsa04022:cGMP-PKG signaling pathway	4	3.10077519379845	0.14139012947800955	114, 10000, 4624, 4625	69	166	8662	3.0249694429893488	0.9999999999999732	0.5004192974707136	0.4589211118268007

Annotation Cluster 9	Enrichment Score: 1.6808280355257694
Category	Term	Count	%	PValue	Genes	List Total	Pop Hits	Pop Total	Fold Enrichment	Bonferroni	Benjamini	FDR
GOTERM_BP_DIRECT	GO:0045944~positive regulation of transcription from RNA polymerase II promoter	22	17.05426356589147	3.23939039816092E-5	4010, 9079, 5452, 3670, 4760, 6299, 4211, 8543, 9480, 7020, 3549, 1601, 652, 401, 53335, 6469, 2908, 11166, 9705, 4821, 54738, 4825	124	1230	19256	2.7775504851822714	0.04508186666624614	0.015376306423270501	0.015073963319442147
UP_SEQ_FEATURE	DNA_BIND:Homeobox	8	6.2015503875969	5.778843193200736E-4	4010, 3670, 5452, 401, 4211, 9480, 4821, 4825	126	234	20562	5.579161579161578	0.47690677129264103	0.33260800529167156	0.33260800529167156
INTERPRO	IPR001356:Homeobox_dom	8	6.2015503875969	0.0011631922786061533	4010, 3670, 5452, 401, 4211, 9480, 4821, 4825	129	258	20603	4.952346613785229	0.44118379697076393	0.08308516275758238	0.08192197047897623
UP_KW_DOMAIN	KW-0371~Homeobox	8	6.2015503875969	0.0013666932711255799	4010, 3670, 5452, 401, 4211, 9480, 4821, 4825	96	255	14600	4.7712418300653585	0.026981867165863593	0.013666932711255799	0.012300239440130218
GOTERM_MF_DIRECT	GO:0001228~transcriptional activator activity, RNA polymerase II transcription regulatory region sequence-specific binding	11	8.527131782945736	0.0016377975538695946	3670, 5452, 401, 4760, 4211, 2908, 11166, 9480, 4821, 54738, 7020	126	493	18883	3.3438455842106953	0.4042703406485163	0.17251467567426396	0.17251467567426396
GOTERM_CC_DIRECT	GO:0000785~chromatin	16	12.4031007751938	0.0034844739634069494	4010, 5452, 3670, 4760, 4211, 9480, 7020, 6492, 401, 51412, 2908, 11166, 9705, 4821, 54738, 4825	129	1097	20521	2.3201825980651956	0.5535014391095828	0.057493820396214666	0.05326267344064908
INTERPRO	IPR009057:Homeobox-like_sf	8	6.2015503875969	0.004381425583655358	4010, 3670, 5452, 401, 4211, 9480, 4821, 4825	129	327	20603	3.9073560439039423	0.8887000064755899	0.24341253242529767	0.2400047569713435
SMART	SM00389:HOX	8	6.2015503875969	0.005948828442294162	4010, 3670, 5452, 401, 4211, 9480, 4821, 4825	93	252	10690	3.6490868748933267	0.48739947432844677	0.16656719638423653	0.165079989273663
INTERPRO	IPR017970:Homeobox_CS	6	4.651162790697675	0.007318207937024053	4010, 3670, 5452, 401, 4821, 4825	129	194	20603	4.939582833852793	0.974588633207301	0.31939698244399484	0.3149254246897789
UP_SEQ_FEATURE	DOMAIN:Homeobox	5	3.875968992248062	0.008206675023159377	4010, 3670, 5452, 4211, 4825	126	130	20562	6.276556776556776	0.9999026930278457	0.707667900073974	0.707667900073974
UP_KW_MOLECULAR_FUNCTION	KW-0010~Activator	12	9.30232558139535	0.017689395027259875	56853, 4010, 3670, 5452, 401, 4760, 4211, 11166, 9480, 4821, 7020, 4825	89	724	11872	2.210937984977342	0.5189367949880983	0.1813162990294137	0.17247160151578378
GOTERM_MF_DIRECT	GO:0000981~RNA polymerase II transcription factor activity, sequence-specific DNA binding	16	12.4031007751938	0.01879093014974912	4010, 5452, 3670, 4760, 6299, 4211, 9480, 7020, 6492, 401, 2908, 11166, 9705, 4821, 54738, 4825	126	1255	18883	1.9106304938974261	0.9975074088103146	0.7012483955688872	0.7012483955688872
GOTERM_MF_DIRECT	GO:0003700~transcription factor activity, sequence-specific DNA binding	10	7.751937984496124	0.019972264430759442	4010, 5452, 401, 53335, 4760, 2908, 11166, 3642, 6492, 7020	126	609	18883	2.460838741626919	0.998296571565982	0.7012483955688872	0.7012483955688872
GOTERM_MF_DIRECT	GO:1990837~sequence-specific double-stranded DNA binding	9	6.976744186046512	0.03248153880910574	4010, 3670, 5452, 401, 4760, 2908, 9480, 54738, 7020	126	559	18883	2.4128545872731917	0.9999706014217788	0.8553471886397844	0.8553471886397844
GOTERM_MF_DIRECT	GO:0000978~RNA polymerase II core promoter proximal region sequence-specific DNA binding	14	10.852713178294573	0.046095227052714405	5452, 3670, 6299, 4211, 9480, 7020, 53335, 2908, 11166, 9705, 3642, 4821, 54738, 4825	126	1170	18883	1.7932573599240265	0.9999996661226973	0.860787224639871	0.860787224639871
GOTERM_BP_DIRECT	GO:0045665~negative regulation of neuron differentiation	3	2.3255813953488373	0.05802069190006235	3670, 4211, 4821	124	61	19256	7.637228979375991	1.0	0.6075107740124176	0.5955653374447577
GOTERM_MF_DIRECT	GO:0043565~sequence-specific DNA binding	6	4.651162790697675	0.07129615139547746	4010, 3670, 5452, 4760, 2908, 7020	126	334	18883	2.6921870544625035	0.9999999999293342	1.0	1.0
GOTERM_BP_DIRECT	GO:0006357~regulation of transcription from RNA polymerase II promoter	16	12.4031007751938	0.08513371991517757	4010, 5452, 6299, 3398, 9480, 7020, 6492, 401, 53335, 51412, 6425, 2908, 11166, 4821, 54738, 4825	124	1599	19256	1.553874397304767	1.0	0.714787441759462	0.7007326325113825
UP_KW_BIOLOGICAL_PROCESS	KW-0804~Transcription	21	16.27906976744186	0.1824835082905437	4010, 5452, 3670, 4760, 6299, 4211, 8543, 3398, 9480, 7020, 6492, 401, 53335, 51412, 2908, 11166, 9705, 3642, 4821, 54738, 4825	76	2487	11447	1.2718081391657674	0.9999718279036099	1.0	1.0
GOTERM_MF_DIRECT	GO:0000977~RNA polymerase II regulatory region sequence-specific DNA binding	5	3.875968992248062	0.19552173351949226	4010, 401, 2908, 6492, 7020	126	345	18883	2.1719576719576716	1.0	1.0	1.0
UP_KW_BIOLOGICAL_PROCESS	KW-0805~Transcription regulation	20	15.503875968992247	0.22130590111517456	4010, 5452, 3670, 4760, 6299, 8543, 3398, 9480, 7020, 6492, 401, 53335, 51412, 2908, 11166, 9705, 3642, 4821, 54738, 4825	76	2417	11447	1.246325370729264	0.999997755715327	1.0	1.0
GOTERM_CC_DIRECT	GO:0005634~nucleus	39	30.23255813953488	0.4990467891865028	4010, 4550, 6299, 4211, 9480, 1780, 6492, 7020, 8470, 56853, 3958, 773, 1496, 54498, 27244, 23022, 10253, 2908, 11166, 4821, 54738, 4825, 9079, 5452, 3670, 4760, 3398, 581, 2259, 401, 53335, 26960, 29114, 10000, 51412, 9705, 3642, 4478, 1847	129	6021	20521	1.0303974847722892	1.0	1.0	0.9304347826086956
UP_KW_MOLECULAR_FUNCTION	KW-0238~DNA-binding	17	13.178294573643413	0.5012242414232329	4010, 5452, 3670, 4760, 6299, 4211, 9480, 7020, 6492, 401, 2908, 11166, 9705, 3642, 4821, 54738, 4825	89	2107	11872	1.0762626451155326	0.9999999999995888	1.0	0.975
GOTERM_MF_DIRECT	GO:0003677~DNA binding	10	7.751937984496124	0.5409910238376343	5452, 401, 4760, 4211, 2908, 11166, 9705, 6492, 7020, 4825	126	1350	18883	1.1101116990005877	1.0	1.0	1.0
UP_KW_CELLULAR_COMPONENT	KW-0539~Nucleus	33	25.581395348837212	0.9588468988642448	4010, 4550, 6299, 4211, 9480, 6492, 7020, 56853, 3958, 56899, 1496, 54498, 27244, 2908, 11166, 4821, 54738, 4825, 9079, 5452, 3670, 4760, 3398, 581, 7273, 2259, 401, 53335, 10000, 51412, 9705, 3642, 1847	125	5836	17910	0.8101850582590816	1.0	1.0	0.9696969696969697

Annotation Cluster 10	Enrichment Score: 1.6372919292019328
Category	Term	Count	%	PValue	Genes	List Total	Pop Hits	Pop Total	Fold Enrichment	Bonferroni	Benjamini	FDR
INTERPRO	IPR004001:Actin_CS	3	2.3255813953488373	0.005490047723724947	59, 51412, 70	129	18	20603	26.61886304909561	0.9362372879957421	0.27450238618624734	0.2706593527796399
INTERPRO	IPR004000:Actin	3	2.3255813953488373	0.019933582445242407	59, 51412, 70	129	35	20603	13.689700996677741	0.9999575620818539	0.38333812394696937	0.3779713902117118
SMART	SM00268:ACTIN	3	2.3255813953488373	0.03254560339064886	59, 51412, 70	93	33	10690	10.449657869012707	0.975418052167602	0.45563844746908405	0.45157024704525295
INTERPRO	IPR043129:ATPase_NBD	3	2.3255813953488373	0.0792827086337412	59, 51412, 70	129	75	20603	6.388527131782945	1.0	1.0	0.9879759519038076

Annotation Cluster 11	Enrichment Score: 1.5522788987692475
Category	Term	Count	%	PValue	Genes	List Total	Pop Hits	Pop Total	Fold Enrichment	Bonferroni	Benjamini	FDR
GOTERM_CC_DIRECT	GO:0005615~extracellular space	23	17.829457364341085	0.003992046814204717	7057, 4550, 59, 4320, 6695, 1809, 2254, 1462, 1280, 7042, 3549, 3958, 652, 57453, 6469, 6425, 70, 4478, 10551, 10631, 56999, 10512, 55959	129	1931	20521	1.8947607176263253	0.6030751798077766	0.057635175880080596	0.05339362613998808
UP_KW_CELLULAR_COMPONENT	KW-0964~Secreted	23	17.829457364341085	0.04281172998952208	7057, 4550, 4320, 6695, 4684, 2254, 1462, 1280, 7042, 3549, 3958, 652, 79642, 83872, 56884, 6469, 84870, 6425, 10551, 10631, 56999, 10512, 55959	125	2174	17910	1.5158417663293469	0.7741029772608263	0.29111976392875016	0.2739950719329413
GOTERM_CC_DIRECT	GO:0005576~extracellular region	19	14.728682170542637	0.1289451169613823	7057, 4550, 4320, 4684, 2254, 1462, 1280, 7042, 7273, 3958, 652, 79642, 56884, 6469, 84870, 50863, 10551, 10512, 55959	129	2172	20521	1.391562094022585	0.9999999999999859	0.6619182670684293	0.6132056673274625

Annotation Cluster 12	Enrichment Score: 1.520199931747023
Category	Term	Count	%	PValue	Genes	List Total	Pop Hits	Pop Total	Fold Enrichment	Bonferroni	Benjamini	FDR
UP_SEQ_FEATURE	CARBOHYD:N-linked (GlcNAc...) asparagine	44	34.10852713178294	5.934130335266219E-4	22859, 8633, 6752, 2254, 1462, 81849, 222537, 1280, 7042, 442213, 773, 652, 114, 83872, 26154, 6469, 11122, 7436, 10631, 56999, 253559, 10512, 2824, 2901, 7057, 4684, 8324, 8460, 3549, 27253, 79642, 57453, 84631, 84457, 56884, 84870, 4038, 6855, 5789, 50863, 6833, 40, 55959, 56605	126	4422	20562	1.6237858327410564	0.4859390612250034	0.33260800529167156	0.33260800529167156
UP_KW_PTM	KW-0325~Glycoprotein	48	37.2093023255814	0.006269094215154235	22859, 8633, 6695, 6752, 2254, 1462, 81849, 222537, 1280, 7042, 442213, 773, 652, 114, 83872, 26154, 6469, 11122, 7436, 10631, 56999, 253559, 10512, 2824, 2901, 6507, 7057, 4684, 8324, 8460, 3549, 27253, 79642, 57453, 84631, 84457, 56884, 84870, 10000, 4038, 6855, 5789, 50863, 6833, 40, 3845, 55959, 56605	103	4801	14237	1.3819451044786382	0.12920980118091352	0.11040882912921754	0.10560844525403416
UP_KW_PTM	KW-1015~Disulfide bond	40	31.007751937984494	0.009600767750366742	22859, 8633, 6695, 6752, 1462, 81849, 222537, 1280, 7042, 3958, 773, 652, 83872, 23022, 6425, 11122, 7436, 10551, 10631, 56999, 253559, 10512, 2901, 7057, 4320, 4684, 8324, 8460, 7273, 57453, 84433, 84631, 56884, 84870, 10000, 4038, 5789, 50863, 40, 56605	103	3870	14237	1.4286646095180753	0.1912272869142596	0.11040882912921754	0.10560844525403416
UP_KW_DOMAIN	KW-0732~Signal	39	30.23255813953488	0.026425511463287255	22859, 8633, 6695, 1462, 81849, 1280, 7042, 773, 652, 83872, 1650, 6469, 6425, 11122, 7436, 10551, 10631, 56999, 253559, 10512, 2901, 7057, 4320, 4684, 8324, 3549, 27253, 1742, 79642, 57453, 84631, 26960, 56884, 84870, 4038, 5789, 50863, 55959, 56605	96	4412	14600	1.3443449682683588	0.41469302021376775	0.13212755731643627	0.11891480158479265
UP_KW_DOMAIN	KW-1133~Transmembrane helix	34	26.356589147286826	0.8886645423361411	23208, 22859, 8633, 6752, 81849, 23200, 222537, 9066, 442213, 773, 114, 26154, 1650, 11122, 7436, 253559, 2824, 2901, 6507, 4684, 8324, 8460, 581, 27253, 79642, 57453, 84631, 78997, 4038, 6855, 5789, 6833, 40, 3769	96	5885	14600	0.8786462758425375	1.0	1.0	0.9473684210526315
UP_KW_DOMAIN	KW-0812~Transmembrane	34	26.356589147286826	0.901926846385329	23208, 22859, 8633, 6752, 81849, 23200, 222537, 9066, 442213, 773, 114, 26154, 1650, 11122, 7436, 253559, 2824, 2901, 6507, 4684, 8324, 8460, 581, 27253, 79642, 57453, 84631, 78997, 4038, 6855, 5789, 6833, 40, 3769	96	5939	14600	0.8706572374698321	1.0	1.0	0.9473684210526315

Annotation Cluster 13	Enrichment Score: 1.4919164230107567
Category	Term	Count	%	PValue	Genes	List Total	Pop Hits	Pop Total	Fold Enrichment	Bonferroni	Benjamini	FDR
GOTERM_BP_DIRECT	GO:0048791~calcium ion-regulated exocytosis of neurotransmitter	3	2.3255813953488373	0.0030146871953511023	23208, 9699, 9066	124	13	19256	35.83622828784119	0.9864232770186542	0.17887144025749874	0.17535430519625578
INTERPRO	IPR000008:C2_dom	5	3.875968992248062	0.013728994362344144	23208, 57520, 9699, 9066, 8618	129	148	20603	5.3957154829247855	0.9990042897720187	0.37046806500015284	0.36528151209015064
UP_SEQ_FEATURE	DOMAIN:C2 1	3	2.3255813953488373	0.05317192166572835	23208, 9699, 9066	126	61	20562	8.025761124121779	1.0	1.0	1.0
UP_SEQ_FEATURE	DOMAIN:C2 2	3	2.3255813953488373	0.05473136128856121	23208, 9699, 9066	126	62	20562	7.896313364055299	1.0	1.0	1.0
SMART	SM00239:C2	4	3.10077519379845	0.09457614353615804	23208, 57520, 9699, 9066	93	126	10690	3.6490868748933267	0.9999852966421761	0.9537941111527262	0.9452780923031482
INTERPRO	IPR035892:C2_domain_sf	4	3.10077519379845	0.09815677284554615	23208, 57520, 9699, 9066	129	177	20603	3.6093373625892347	1.0	1.0	0.9879759519038076

Annotation Cluster 14	Enrichment Score: 1.4771267790832372
Category	Term	Count	%	PValue	Genes	List Total	Pop Hits	Pop Total	Fold Enrichment	Bonferroni	Benjamini	FDR
KEGG_PATHWAY	hsa04724:Glutamatergic synapse	6	4.651162790697675	0.0020250884804820617	773, 1742, 114, 2775, 2901, 6507	69	115	8662	6.549716446124764	0.34003208425725573	0.08302862769976453	0.07614332686612552
KEGG_PATHWAY	hsa04725:Cholinergic synapse	5	3.875968992248062	0.011788080385222994	773, 114, 2775, 10000, 3845	69	113	8662	5.554700525843273	0.9120434813607216	0.21968695263370125	0.2014690102201748
KEGG_PATHWAY	hsa05032:Morphine addiction	4	3.10077519379845	0.034437320625364684	773, 114, 2775, 50940	69	91	8662	5.5180761267717795	0.9992414283707479	0.2823860291279904	0.2589686511027424
KEGG_PATHWAY	hsa04727:GABAergic synapse	3	2.3255813953488373	0.15437032130214062	773, 114, 2775	69	89	8662	4.231558378114314	0.9999999999999988	0.5104179978538521	0.4680906516903619
KEGG_PATHWAY	hsa04723:Retrograde endocannabinoid signaling	3	2.3255813953488373	0.32425437944311153	773, 114, 2775	69	148	8662	2.544653349001175	1.0	0.7966903739001213	0.7306233672840137

Annotation Cluster 15	Enrichment Score: 1.4358418487939766
Category	Term	Count	%	PValue	Genes	List Total	Pop Hits	Pop Total	Fold Enrichment	Bonferroni	Benjamini	FDR
GOTERM_MF_DIRECT	GO:0008201~heparin binding	6	4.651162790697675	0.0068020470811796345	7057, 2259, 652, 84870, 2254, 10631	126	179	18883	5.02341048151104	0.884304150366121	0.5373617194131911	0.5373617194131911
UP_KW_MOLECULAR_FUNCTION	KW-0339~Growth factor	4	3.10077519379845	0.07598709328451406	2259, 652, 2254, 7042	89	133	11872	4.0118273211117685	0.9608438900809848	0.5192451374441793	0.49391610634934136
GOTERM_MF_DIRECT	GO:0008083~growth factor activity	4	3.10077519379845	0.09530045807078635	2259, 652, 2254, 7042	126	164	18883	3.6552458381726676	0.999999999999982	1.0	1.0

Annotation Cluster 16	Enrichment Score: 1.4339399127000916
Category	Term	Count	%	PValue	Genes	List Total	Pop Hits	Pop Total	Fold Enrichment	Bonferroni	Benjamini	FDR
KEGG_PATHWAY	hsa05414:Dilated cardiomyopathy	6	4.651162790697675	0.0012417051418086146	114, 70, 4624, 4625, 7042, 7273	69	103	8662	7.312790206838328	0.22485697848297515	0.0636373885176915	0.05836014166500489
KEGG_PATHWAY	hsa05410:Hypertrophic cardiomyopathy	5	3.875968992248062	0.006963351347495069	70, 4624, 4625, 7042, 7273	69	97	8662	6.470939787838041	0.7612838921581807	0.19583140222845252	0.17959172497048329
UP_KW_MOLECULAR_FUNCTION	KW-0514~Muscle protein	4	3.10077519379845	0.01234961471554473	59, 70, 4624, 4625	89	65	11872	8.208815903197925	0.3991961083734137	0.1687780677791113	0.1605449913020815
KEGG_PATHWAY	hsa04919:Thyroid hormone signaling pathway	5	3.875968992248062	0.014846682228058013	652, 10000, 4624, 4625, 3845	69	121	8662	5.187447598514793	0.95341093673466	0.22636386738043462	0.20759222959766688
GOTERM_MF_DIRECT	GO:0000146~microfilament motor activity	3	2.3255813953488373	0.024894608995862925	70, 4624, 4625	126	37	18883	12.15122265122265	0.9996530298047395	0.7473105883694501	0.7473105883694501
UP_KW_DISEASE	KW-0122~Cardiomyopathy	5	3.875968992248062	0.03140846805993506	70, 4624, 4625, 3845, 7273	57	102	4749	4.084107327141383	0.662104267681334	1.0	1.0
KEGG_PATHWAY	hsa04261:Adrenergic signaling in cardiomyocytes	5	3.875968992248062	0.032532461096041417	114, 10000, 70, 4624, 4625	69	154	8662	4.075851684547336	0.9988637799405194	0.2778814385286871	0.25483761191899107
GOTERM_CC_DIRECT	GO:0030017~sarcomere	3	2.3255813953488373	0.03476563001139615	70, 4624, 4625	129	47	20521	10.153884215734784	0.9997180502719833	0.3088792512550965	0.28614787778610673
KEGG_PATHWAY	hsa04814:Motor proteins	5	3.875968992248062	0.06466963039433019	59, 1780, 70, 4624, 4625	69	193	8662	3.2522339866336263	0.9999988835678114	0.42765400744637705	0.39219001658497016
KEGG_PATHWAY	hsa04022:cGMP-PKG signaling pathway	4	3.10077519379845	0.14139012947800955	114, 10000, 4624, 4625	69	166	8662	3.0249694429893488	0.9999999999999732	0.5004192974707136	0.4589211118268007
KEGG_PATHWAY	hsa04260:Cardiac muscle contraction	3	2.3255813953488373	0.14890525436933427	70, 4624, 4625	69	87	8662	4.328835582208895	0.9999999999999956	0.5004192974707136	0.4589211118268007
GOTERM_MF_DIRECT	GO:0005524~ATP binding	13	10.077519379844961	0.3210517411625613	5063, 22836, 59, 23200, 7273, 114, 26154, 10000, 70, 6833, 4624, 4625, 3845	126	1540	18883	1.2650948258091115	1.0	1.0	1.0
UP_KW_LIGAND	KW-0067~ATP-binding	13	10.077519379844961	0.3727673914085091	5063, 22836, 59, 23200, 7273, 114, 26154, 10000, 70, 6833, 4624, 4625, 3845	52	1445	6921	1.1974048442906573	0.9999442812716649	1.0	1.0

Annotation Cluster 17	Enrichment Score: 1.4218883426593834
Category	Term	Count	%	PValue	Genes	List Total	Pop Hits	Pop Total	Fold Enrichment	Bonferroni	Benjamini	FDR
GOTERM_BP_DIRECT	GO:0060391~positive regulation of SMAD protein import into nucleus	3	2.3255813953488373	0.02329959219572296	1601, 652, 7042	124	37	19256	12.591107236268526	0.9999999999999973	0.4365607800882828	0.42797671980564805
GOTERM_BP_DIRECT	GO:0010718~positive regulation of epithelial to mesenchymal transition	3	2.3255813953488373	0.04824955654012139	1601, 652, 7042	124	55	19256	8.470381231671555	1.0	0.5786518999137068	0.5672739131176507
GOTERM_BP_DIRECT	GO:0050680~negative regulation of epithelial cell proliferation	3	2.3255813953488373	0.04824955654012139	1601, 652, 7042	124	55	19256	8.470381231671555	1.0	0.5786518999137068	0.5672739131176507

Annotation Cluster 18	Enrichment Score: 1.2996330840089416
Category	Term	Count	%	PValue	Genes	List Total	Pop Hits	Pop Total	Fold Enrichment	Bonferroni	Benjamini	FDR
UP_SEQ_FEATURE	DOMAIN:EGF-like 2; calcium-binding	4	3.10077519379845	0.005052511490595366	83872, 1462, 4038, 7436	126	57	20562	11.451963241436925	0.9965803673031824	0.5663865380957406	0.5663865380957406
INTERPRO	IPR001881:EGF-like_Ca-bd_dom	5	3.875968992248062	0.009810496279809688	7057, 83872, 1462, 4038, 7436	129	134	20603	5.959446951290062	0.9927696521807888	0.3432051311767919	0.3384002593403168
INTERPRO	IPR026823:cEGF	3	2.3255813953488373	0.014869663282801109	83872, 4038, 7436	129	30	20603	15.971317829457364	0.9994417270244637	0.37046806500015284	0.36528151209015064
SMART	SM00179:EGF_CA	5	3.875968992248062	0.028282784434708618	7057, 83872, 1462, 4038, 7436	93	134	10690	4.2890386775798435	0.9597775548425487	0.4525245509553379	0.44848415317895096
INTERPRO	IPR018097:EGF_Ca-bd_CS	4	3.10077519379845	0.030537658723333312	83872, 1462, 4038, 7436	129	109	20603	5.861034065855914	0.9999998157227189	0.49254288263440826	0.4856472822775265
INTERPRO	IPR009030:Growth_fac_rcpt_cys_sf	4	3.10077519379845	0.06178771266318164	83872, 84870, 4038, 7436	129	145	20603	4.405880780539962	0.9999999999999859	0.9361774645936614	0.92307098008935
INTERPRO	IPR000742:EGF-like_dom	5	3.875968992248062	0.07318760616564815	7057, 83872, 1462, 4038, 7436	129	253	20603	3.156386922817661	1.0	1.0	0.9879759519038076
UP_KW_DOMAIN	KW-0245~EGF-like domain	5	3.875968992248062	0.08671091158014342	7057, 83872, 1462, 4038, 7436	96	257	14600	2.9588197146562907	0.8370083416985131	0.28903637193381143	0.26013273474043025
SMART	SM00181:EGF	5	3.875968992248062	0.09369715183975297	7057, 83872, 1462, 4038, 7436	93	200	10690	2.873655913978495	0.9999836086539429	0.9537941111527262	0.9452780923031482
INTERPRO	IPR000152:EGF-type_Asp/Asn_hydroxyl_site	3	2.3255813953488373	0.14298640954675412	83872, 1462, 7436	129	107	20603	4.477939578352532	1.0	1.0	0.9879759519038076
UP_SEQ_FEATURE	DOMAIN:EGF-like 1	3	2.3255813953488373	0.19163241711654674	7057, 1462, 7436	126	132	20562	3.7088744588744587	1.0	1.0	1.0
UP_SEQ_FEATURE	DOMAIN:EGF-like	3	2.3255813953488373	0.3959516243692629	83872, 1462, 7436	126	224	20562	2.1855867346938775	1.0	1.0	1.0

Annotation Cluster 19	Enrichment Score: 1.2959083380024243
Category	Term	Count	%	PValue	Genes	List Total	Pop Hits	Pop Total	Fold Enrichment	Bonferroni	Benjamini	FDR
KEGG_PATHWAY	hsa04390:Hippo signaling pathway	6	4.651162790697675	0.007642201062573757	652, 1742, 8324, 1496, 3398, 7042	69	157	8662	4.797563001938521	0.7925091890109479	0.19583140222845252	0.17959172497048329
KEGG_PATHWAY	hsa04350:TGF-beta signaling pathway	4	3.10077519379845	0.05272937870804692	7057, 652, 3398, 7042	69	108	8662	4.649490069779925	0.9999849622106414	0.37144511575563366	0.34064235005882504
GOTERM_BP_DIRECT	GO:0010629~negative regulation of gene expression	4	3.10077519379845	0.3213689191945538	652, 6469, 3398, 7042	124	312	19256	1.9909015715467326	1.0	1.0	0.9810260014054814

Annotation Cluster 20	Enrichment Score: 1.221820176201786
Category	Term	Count	%	PValue	Genes	List Total	Pop Hits	Pop Total	Fold Enrichment	Bonferroni	Benjamini	FDR
KEGG_PATHWAY	hsa04211:Longevity regulating pathway	5	3.875968992248062	0.005141724578391376	114, 27244, 10000, 3845, 581	69	89	8662	7.052597296857189	0.6524242631029319	0.17567558976170533	0.16110737012292978
KEGG_PATHWAY	hsa04725:Cholinergic synapse	5	3.875968992248062	0.011788080385222994	773, 114, 2775, 10000, 3845	69	113	8662	5.554700525843273	0.9120434813607216	0.21968695263370125	0.2014690102201748
KEGG_PATHWAY	hsa04926:Relaxin signaling pathway	5	3.875968992248062	0.018367259947614473	114, 2775, 59, 10000, 3845	69	129	8662	4.865745421862712	0.9776358631787476	0.22636386738043462	0.20759222959766688
KEGG_PATHWAY	hsa05218:Melanoma	4	3.10077519379845	0.01877163778276775	10000, 2254, 3845, 581	69	72	8662	6.974235104669887	0.9794472922207879	0.22636386738043462	0.20759222959766688
KEGG_PATHWAY	hsa04015:Rap1 signaling pathway	6	4.651162790697675	0.02423709988198078	7057, 114, 2775, 10000, 2254, 3845	69	210	8662	3.586749482401656	0.9934599385602795	0.23660026075266954	0.2169797513243994
KEGG_PATHWAY	hsa05224:Breast cancer	5	3.875968992248062	0.028069203334025097	8324, 10000, 2254, 3845, 581	69	147	8662	4.269939860001972	0.9970809239964343	0.26155394015796113	0.23986410121803264
KEGG_PATHWAY	hsa01522:Endocrine resistance	4	3.10077519379845	0.041490883834576664	114, 10000, 3845, 581	69	98	8662	5.123927832002366	0.9998312550514932	0.3271396610033929	0.3000110061884774
KEGG_PATHWAY	hsa04916:Melanogenesis	4	3.10077519379845	0.0447206272218239	114, 2775, 8324, 3845	69	101	8662	4.971731955804276	0.99991552425363	0.3274188778740678	0.30026706848938906
KEGG_PATHWAY	hsa04935:Growth hormone synthesis, secretion and action	4	3.10077519379845	0.06794708388823707	114, 6752, 10000, 3845	69	120	8662	4.184541062801933	0.9999994563532936	0.430481948207774	0.39478344518566594
KEGG_PATHWAY	hsa04213:Longevity regulating pathway - multiple species	3	2.3255813953488373	0.08269644737170562	114, 10000, 3845	69	61	8662	6.173913043478261	0.9999999793376138	0.4633135148819059	0.42489239413560154
KEGG_PATHWAY	hsa05170:Human immunodeficiency virus 1 infection	5	3.875968992248062	0.0847240997812059	5063, 2775, 10000, 3845, 581	69	212	8662	2.9607601859447636	0.9999999868729968	0.4633135148819059	0.42489239413560154
KEGG_PATHWAY	hsa05207:Chemical carcinogenesis - receptor activation	5	3.875968992248062	0.0847240997812059	773, 114, 10000, 2254, 3845	69	212	8662	2.9607601859447636	0.9999999868729968	0.4633135148819059	0.42489239413560154
KEGG_PATHWAY	hsa04915:Estrogen signaling pathway	4	3.10077519379845	0.09250602306500397	114, 2775, 10000, 3845	69	137	8662	3.665291441870306	0.9999999977198206	0.4704125872445308	0.43140276293644775
KEGG_PATHWAY	hsa04371:Apelin signaling pathway	4	3.10077519379845	0.09561025069641495	114, 59, 10000, 3845	69	139	8662	3.6125534355124596	0.9999999988704528	0.4704125872445308	0.43140276293644775
KEGG_PATHWAY	hsa05166:Human T-cell leukemia virus 1 infection	5	3.875968992248062	0.09637721299644045	114, 10000, 7042, 3845, 581	69	222	8662	2.8273926100013056	0.9999999990507716	0.4704125872445308	0.43140276293644775
KEGG_PATHWAY	hsa05163:Human cytomegalovirus infection	5	3.875968992248062	0.10001502115810644	114, 2775, 10000, 3845, 581	69	225	8662	2.789694041867955	0.9999999995848275	0.47497656152862855	0.4355882613043032
KEGG_PATHWAY	hsa04914:Progesterone-mediated oocyte maturation	3	2.3255813953488373	0.19073951143617351	114, 10000, 3845	69	102	8662	3.692242114236999	1.0	0.59962394666347	0.5498990340133286
KEGG_PATHWAY	hsa04062:Chemokine signaling pathway	4	3.10077519379845	0.19105411636054787	114, 9844, 10000, 3845	69	192	8662	2.6153381642512077	1.0	0.59962394666347	0.5498990340133286
KEGG_PATHWAY	hsa04072:Phospholipase D signaling pathway	3	2.3255813953488373	0.32425437944311153	114, 10000, 3845	69	148	8662	2.544653349001175	1.0	0.7966903739001213	0.7306233672840137
KEGG_PATHWAY	hsa04921:Oxytocin signaling pathway	3	2.3255813953488373	0.3415530353543141	114, 2775, 3845	69	154	8662	2.445511010728402	1.0	0.8090309022755051	0.7419405347697314

Annotation Cluster 21	Enrichment Score: 1.2217407212133844
Category	Term	Count	%	PValue	Genes	List Total	Pop Hits	Pop Total	Fold Enrichment	Bonferroni	Benjamini	FDR
KEGG_PATHWAY	hsa04725:Cholinergic synapse	5	3.875968992248062	0.011788080385222994	773, 114, 2775, 10000, 3845	69	113	8662	5.554700525843273	0.9120434813607216	0.21968695263370125	0.2014690102201748
KEGG_PATHWAY	hsa04730:Long-term depression	3	2.3255813953488373	0.08037981688689856	773, 2775, 3845	69	60	8662	6.276811594202899	0.9999999653469613	0.4633135148819059	0.42489239413560154
KEGG_PATHWAY	hsa04726:Serotonergic synapse	3	2.3255813953488373	0.22813280225497223	773, 2775, 3845	69	115	8662	3.274858223062382	1.0	0.6777858617720189	0.6215792293323882

Annotation Cluster 22	Enrichment Score: 1.1995512584335357
Category	Term	Count	%	PValue	Genes	List Total	Pop Hits	Pop Total	Fold Enrichment	Bonferroni	Benjamini	FDR
KEGG_PATHWAY	hsa05226:Gastric cancer	8	6.2015503875969	1.5596048599249583E-4	8324, 1496, 10000, 6469, 2254, 7042, 3845, 581	69	149	8662	6.740200369613851	0.0314686171174241	0.03197189962846164	0.029320571366589217
KEGG_PATHWAY	hsa04550:Signaling pathways regulating pluripotency of stem cells	7	5.426356589147287	8.603038268602287E-4	652, 3670, 4211, 8324, 10000, 3398, 3845	69	143	8662	6.145130232086755	0.16174941069552473	0.0636373885176915	0.05836014166500489
KEGG_PATHWAY	hsa05205:Proteoglycans in cancer	8	6.2015503875969	0.001071321901288709	3549, 7057, 8324, 10000, 6469, 4478, 7042, 3845	69	205	8662	4.8989749027925065	0.19727148951393125	0.0636373885176915	0.05836014166500489
KEGG_PATHWAY	hsa04211:Longevity regulating pathway	5	3.875968992248062	0.005141724578391376	114, 27244, 10000, 3845, 581	69	89	8662	7.052597296857189	0.6524242631029319	0.17567558976170533	0.16110737012292978
KEGG_PATHWAY	hsa05225:Hepatocellular carcinoma	6	4.651162790697675	0.010081084561558358	8324, 10000, 51412, 7042, 3845, 581	69	168	8662	4.48343685300207	0.8747081890910455	0.21514970847242118	0.19730802533080577
KEGG_PATHWAY	hsa05213:Endometrial cancer	4	3.10077519379845	0.010495107730362009	1496, 10000, 3845, 581	69	58	8662	8.65767116441779	0.8850050198539575	0.21514970847242118	0.19730802533080577
KEGG_PATHWAY	hsa05211:Renal cell carcinoma	4	3.10077519379845	0.016766816815276628	5063, 10000, 7042, 3845	69	69	8662	7.277462717916404	0.9687688435399341	0.22636386738043462	0.20759222959766688
KEGG_PATHWAY	hsa05218:Melanoma	4	3.10077519379845	0.01877163778276775	10000, 2254, 3845, 581	69	72	8662	6.974235104669887	0.9794472922207879	0.22636386738043462	0.20759222959766688
GOTERM_BP_DIRECT	GO:0048873~homeostasis of number of cells within a tissue	3	2.3255813953488373	0.018779487176271852	10000, 3845, 581	124	33	19256	14.117302052785924	0.9999999999981135	0.38736251132770183	0.3797458327341796
KEGG_PATHWAY	hsa05212:Pancreatic cancer	4	3.10077519379845	0.021643383007772358	10000, 7042, 3845, 581	69	76	8662	6.607170099160946	0.9887300169387699	0.22786372858525908	0.2089677120684327
KEGG_PATHWAY	hsa05220:Chronic myeloid leukemia	4	3.10077519379845	0.021643383007772358	10000, 7042, 3845, 581	69	76	8662	6.607170099160946	0.9887300169387699	0.22786372858525908	0.2089677120684327
KEGG_PATHWAY	hsa05200:Pathways in cancer	10	7.751937984496124	0.022230607666854543	652, 114, 8324, 1496, 10000, 6469, 2254, 7042, 3845, 581	69	531	8662	2.3641474931084363	0.9900351715618609	0.22786372858525908	0.2089677120684327
KEGG_PATHWAY	hsa04015:Rap1 signaling pathway	6	4.651162790697675	0.02423709988198078	7057, 114, 2775, 10000, 2254, 3845	69	210	8662	3.586749482401656	0.9934599385602795	0.23660026075266954	0.2169797513243994
KEGG_PATHWAY	hsa05224:Breast cancer	5	3.875968992248062	0.028069203334025097	8324, 10000, 2254, 3845, 581	69	147	8662	4.269939860001972	0.9970809239964343	0.26155394015796113	0.23986410121803264
KEGG_PATHWAY	hsa05210:Colorectal cancer	4	3.10077519379845	0.029818497839244878	10000, 7042, 3845, 581	69	86	8662	5.838894506235254	0.9979822705180671	0.2657735676976174	0.24373380842513206
KEGG_PATHWAY	hsa01522:Endocrine resistance	4	3.10077519379845	0.041490883834576664	114, 10000, 3845, 581	69	98	8662	5.123927832002366	0.9998312550514932	0.3271396610033929	0.3000110061884774
KEGG_PATHWAY	hsa04933:AGE-RAGE signaling pathway in diabetic complications	4	3.10077519379845	0.04363039814453732	10000, 7042, 3845, 581	69	100	8662	5.021449275362319	0.999893271219643	0.3274188778740678	0.30026706848938906
KEGG_PATHWAY	hsa04660:T cell receptor signaling pathway	4	3.10077519379845	0.06929709410173923	5063, 84433, 10000, 3845	69	121	8662	4.149958078811834	0.9999995961042077	0.430481948207774	0.39478344518566594
KEGG_PATHWAY	hsa05170:Human immunodeficiency virus 1 infection	5	3.875968992248062	0.0847240997812059	5063, 2775, 10000, 3845, 581	69	212	8662	2.9607601859447636	0.9999999868729968	0.4633135148819059	0.42489239413560154
KEGG_PATHWAY	hsa05207:Chemical carcinogenesis - receptor activation	5	3.875968992248062	0.0847240997812059	773, 114, 10000, 2254, 3845	69	212	8662	2.9607601859447636	0.9999999868729968	0.4633135148819059	0.42489239413560154
KEGG_PATHWAY	hsa04010:MAPK signaling pathway	6	4.651162790697675	0.0869232499740478	773, 10000, 2254, 1847, 7042, 3845	69	301	8662	2.5023833598151093	0.9999999919833432	0.4633135148819059	0.42489239413560154
KEGG_PATHWAY	hsa05417:Lipid and atherosclerosis	5	3.875968992248062	0.08814257112387479	5452, 10000, 7436, 3845, 581	69	215	8662	2.9194472531176276	0.9999999939043106	0.4633135148819059	0.42489239413560154
KEGG_PATHWAY	hsa05166:Human T-cell leukemia virus 1 infection	5	3.875968992248062	0.09637721299644045	114, 10000, 7042, 3845, 581	69	222	8662	2.8273926100013056	0.9999999990507716	0.4704125872445308	0.43140276293644775
KEGG_PATHWAY	hsa05163:Human cytomegalovirus infection	5	3.875968992248062	0.10001502115810644	114, 2775, 10000, 3845, 581	69	225	8662	2.789694041867955	0.9999999995848275	0.47497656152862855	0.4355882613043032
KEGG_PATHWAY	hsa04810:Regulation of actin cytoskeleton	5	3.875968992248062	0.10496474811902692	5063, 10000, 2254, 4478, 3845	69	229	8662	2.740965761660654	0.9999999998659617	0.47817274143112265	0.4385193921417125
KEGG_PATHWAY	hsa05223:Non-small cell lung cancer	3	2.3255813953488373	0.10943779914413446	10000, 3845, 581	69	72	8662	5.230676328502415	0.9999999999520075	0.4877119309684253	0.44726752693689736
KEGG_PATHWAY	hsa05214:Glioma	3	2.3255813953488373	0.11708683231982478	10000, 3845, 581	69	75	8662	5.021449275362319	0.9999999999918118	0.49225888994219985	0.4514374210201637
KEGG_PATHWAY	hsa05165:Human papillomavirus infection	6	4.651162790697675	0.11766188101057459	7057, 8324, 10000, 1280, 3845, 581	69	331	8662	2.275581242611323	0.9999999999928355	0.49225888994219985	0.4514374210201637
KEGG_PATHWAY	hsa01521:EGFR tyrosine kinase inhibitor resistance	3	2.3255813953488373	0.1274893541864811	10000, 3845, 581	69	79	8662	4.767198679141442	0.9999999999992789	0.5004192974707136	0.4589211118268007
KEGG_PATHWAY	hsa05161:Hepatitis B	4	3.10077519379845	0.1341900022218035	10000, 7042, 3845, 581	69	162	8662	3.09966004651995	0.9999999999998516	0.5004192974707136	0.4589211118268007
KEGG_PATHWAY	hsa04012:ErbB signaling pathway	3	2.3255813953488373	0.14348194307483292	5063, 10000, 3845	69	85	8662	4.430690537084399	0.9999999999999838	0.5004192974707136	0.4589211118268007
KEGG_PATHWAY	hsa04510:Focal adhesion	4	3.10077519379845	0.21328753122776223	5063, 7057, 10000, 1280	69	203	8662	2.4736203326907975	1.0	0.652596177637183	0.5984784458331239
KEGG_PATHWAY	hsa04722:Neurotrophin signaling pathway	3	2.3255813953488373	0.23975906531991115	10000, 3845, 581	69	119	8662	3.1647789550602847	1.0	0.7021515484368825	0.6439243468591899
KEGG_PATHWAY	hsa04071:Sphingolipid signaling pathway	3	2.3255813953488373	0.24558498219364217	10000, 3845, 581	69	121	8662	3.1124685591088754	1.0	0.7090833992915021	0.6502813613014751
KEGG_PATHWAY	hsa04068:FoxO signaling pathway	3	2.3255813953488373	0.274778051274991	10000, 7042, 3845	69	131	8662	2.8748755393295715	1.0	0.7590430556400456	0.6960980217577004
KEGG_PATHWAY	hsa04014:Ras signaling pathway	4	3.10077519379845	0.28276665034429643	5063, 10000, 2254, 3845	69	236	8662	2.127732743797593	1.0	0.7627258331655364	0.6994753982201017
KEGG_PATHWAY	hsa04210:Apoptosis	3	2.3255813953488373	0.28937474393461987	10000, 3845, 581	69	136	8662	2.769181585677749	1.0	0.7704132793064555	0.7065253488273836
KEGG_PATHWAY	hsa04151:PI3K-Akt signaling pathway	5	3.875968992248062	0.3110309968369195	7057, 10000, 2254, 1280, 3845	69	359	8662	1.7484154858503895	1.0	0.787177214216895	0.7218991037696403
KEGG_PATHWAY	hsa04150:mTOR signaling pathway	3	2.3255813953488373	0.3472913141475339	8324, 10000, 3845	69	156	8662	2.4141583054626534	1.0	0.8090309022755051	0.7419405347697314
KEGG_PATHWAY	hsa04218:Cellular senescence	3	2.3255813953488373	0.3472913141475339	10000, 7042, 3845	69	156	8662	2.4141583054626534	1.0	0.8090309022755051	0.7419405347697314
KEGG_PATHWAY	hsa05160:Hepatitis C	3	2.3255813953488373	0.353014023761895	10000, 3845, 581	69	158	8662	2.383599339570721	1.0	0.8131221895639155	0.7456925445756882
KEGG_PATHWAY	hsa05152:Tuberculosis	3	2.3255813953488373	0.41469730124792503	10000, 7042, 581	69	180	8662	2.092270531400966	1.0	0.8616194824140359	0.7901681107016525
KEGG_PATHWAY	hsa05167:Kaposi sarcoma-associated herpesvirus infection	3	2.3255813953488373	0.4524634624313248	10000, 3845, 581	69	194	8662	1.941281936351412	1.0	0.8826725730712417	0.8094753353043581
KEGG_PATHWAY	hsa05022:Pathways of neurodegeneration - multiple diseases	4	3.10077519379845	0.7300077410772268	1742, 8324, 3845, 581	69	476	8662	1.0549263183534283	1.0	1.0	0.9215686274509803
KEGG_PATHWAY	hsa05010:Alzheimer disease	3	2.3255813953488373	0.8108722786075995	8324, 10000, 3845	69	384	8662	0.9807518115942029	1.0	1.0	0.9215686274509803

Annotation Cluster 23	Enrichment Score: 1.1733319526643995
Category	Term	Count	%	PValue	Genes	List Total	Pop Hits	Pop Total	Fold Enrichment	Bonferroni	Benjamini	FDR
UP_SEQ_FEATURE	DOMAIN:LIM zinc-binding 1	3	2.3255813953488373	0.03851711539211362	4010, 3670, 8543	126	51	20562	9.599439775910364	1.0	1.0	1.0
UP_SEQ_FEATURE	DOMAIN:LIM zinc-binding 2	3	2.3255813953488373	0.03851711539211362	4010, 3670, 8543	126	51	20562	9.599439775910364	1.0	1.0	1.0
UP_SEQ_FEATURE	DOMAIN:LIM zinc-binding	3	2.3255813953488373	0.06945935927628327	4010, 3670, 8543	126	71	20562	6.895372233400402	1.0	1.0	1.0
INTERPRO	IPR001781:Znf_LIM	3	2.3255813953488373	0.08110542412005538	4010, 3670, 8543	129	76	20603	6.304467564259486	1.0	1.0	0.9879759519038076
UP_KW_DOMAIN	KW-0440~LIM domain	3	2.3255813953488373	0.08374448319412899	4010, 3670, 8543	96	74	14600	6.16554054054054	0.8260869982205574	0.28903637193381143	0.26013273474043025
SMART	SM00132:LIM	3	2.3255813953488373	0.13030584454612731	4010, 3670, 8543	93	73	10690	4.723817940786566	0.9999998381719613	1.0	1.0

Annotation Cluster 24	Enrichment Score: 1.1680074937338167
Category	Term	Count	%	PValue	Genes	List Total	Pop Hits	Pop Total	Fold Enrichment	Bonferroni	Benjamini	FDR
UP_KW_PTM	KW-0564~Palmitate	8	6.2015503875969	0.02062541090658024	3549, 1742, 2775, 6752, 11075, 6469, 9066, 3845	103	385	14237	2.872172487706468	0.3677711712137467	0.15812815028378185	0.15125301331492177
UP_SEQ_FEATURE	LIPID:S-palmitoyl cysteine	5	3.875968992248062	0.10085275697617153	1742, 2775, 6752, 11075, 3845	126	290	20562	2.813628899835796	1.0	1.0	1.0
UP_KW_PTM	KW-0449~Lipoprotein	11	8.527131782945736	0.1506215576232054	3549, 1742, 2775, 4684, 6752, 11075, 6469, 7436, 50863, 9066, 3845	103	962	14237	1.5805159154673718	0.9724433035476285	0.597214561603216	0.5712487110987282

Annotation Cluster 25	Enrichment Score: 1.0471983306214367
Category	Term	Count	%	PValue	Genes	List Total	Pop Hits	Pop Total	Fold Enrichment	Bonferroni	Benjamini	FDR
GOTERM_MF_DIRECT	GO:0003774~motor activity	3	2.3255813953488373	0.041766807456409816	1780, 4624, 4625	126	49	18883	9.175413022351798	0.9999986039450872	0.860787224639871	0.860787224639871
KEGG_PATHWAY	hsa04814:Motor proteins	5	3.875968992248062	0.06466963039433019	59, 1780, 70, 4624, 4625	69	193	8662	3.2522339866336263	0.9999988835678114	0.42765400744637705	0.39219001658497016
UP_KW_MOLECULAR_FUNCTION	KW-0505~Motor protein	3	2.3255813953488373	0.2672227008107266	1780, 4624, 4625	89	136	11872	2.942498347653668	0.9999970902727672	1.0	0.975

Annotation Cluster 26	Enrichment Score: 1.0010706752836787
Category	Term	Count	%	PValue	Genes	List Total	Pop Hits	Pop Total	Fold Enrichment	Bonferroni	Benjamini	FDR
INTERPRO	IPR029021:Prot-tyrosine_phosphatase-like	4	3.10077519379845	0.027755642846510577	11122, 5789, 1847, 81846	129	105	20603	6.0843115540789965	0.9999992278252358	0.462594047441843	0.45611773077765716
INTERPRO	IPR003595:Tyr_Pase_cat	3	2.3255813953488373	0.05850778482409626	11122, 5789, 1847	129	63	20603	7.605389442598744	0.9999999999999191	0.914184137876504	0.9013855599462329
UP_SEQ_FEATURE	DOMAIN:Tyrosine specific protein phosphatases	3	2.3255813953488373	0.06776420345503184	11122, 5789, 1847	126	70	20562	6.993877551020408	1.0	1.0	1.0
UP_SEQ_FEATURE	DOMAIN:Tyrosine-protein phosphatase	3	2.3255813953488373	0.08170189461353264	11122, 5789, 1847	126	78	20562	6.2765567765567765	1.0	1.0	1.0
INTERPRO	IPR016130:Tyr_Pase_AS	3	2.3255813953488373	0.08294110500762833	11122, 5789, 1847	129	77	20603	6.222591362126246	1.0	1.0	0.9879759519038076
SMART	SM00404:PTPc_motif	3	2.3255813953488373	0.10219222619493494	11122, 5789, 1847	93	63	10690	5.473630312339989	0.9999942913096526	0.9537941111527262	0.9452780923031482
UP_SEQ_FEATURE	ACT_SITE:Phosphocysteine intermediate	3	2.3255813953488373	0.10598974162871225	11122, 5789, 1847	126	91	20562	5.379905808477237	1.0	1.0	1.0
INTERPRO	IPR000387:Tyr_Pase_dom	3	2.3255813953488373	0.10788396310540008	11122, 5789, 1847	129	90	20603	5.323772609819121	1.0	1.0	0.9879759519038076
GOTERM_MF_DIRECT	GO:0004725~protein tyrosine phosphatase activity	3	2.3255813953488373	0.13973485263678054	11122, 5789, 1847	126	99	18883	4.541366041366041	1.0	1.0	1.0
GOTERM_BP_DIRECT	GO:0016311~dephosphorylation	3	2.3255813953488373	0.1583187363492516	11122, 5789, 1847	124	111	19256	4.197035745422842	1.0	0.9972826307484197	0.9776731408179732
GOTERM_BP_DIRECT	GO:0006470~protein dephosphorylation	3	2.3255813953488373	0.17412421921286306	11122, 5789, 1847	124	118	19256	3.94805904866047	1.0	1.0	0.9810260014054814
UP_KW_MOLECULAR_FUNCTION	KW-0904~Protein phosphatase	3	2.3255813953488373	0.28923433361896556	11122, 5789, 1847	89	144	11872	2.7790262172284645	0.9999991667331957	1.0	0.975

Annotation Cluster 27	Enrichment Score: 0.9530126923654838
Category	Term	Count	%	PValue	Genes	List Total	Pop Hits	Pop Total	Fold Enrichment	Bonferroni	Benjamini	FDR
GOTERM_CC_DIRECT	GO:0005886~plasma membrane	47	36.434108527131784	0.01002333222774849	5063, 23208, 22859, 8633, 9844, 6752, 23200, 9066, 8470, 3958, 56899, 773, 114, 26154, 23022, 1650, 6469, 10253, 55704, 11122, 7436, 9515, 253559, 10512, 2824, 2901, 6507, 9079, 4684, 8324, 3549, 1601, 1742, 2775, 57453, 84433, 84631, 26960, 4038, 4478, 5789, 50863, 6833, 40, 3845, 55959, 3769	129	5395	20521	1.3858467860709385	0.9024189371717917	0.12719146804314224	0.11783105697503223
UP_KW_CELLULAR_COMPONENT	KW-1003~Cell membrane	33	25.581395348837212	0.21200986498175609	22859, 8633, 9844, 6752, 9066, 8470, 773, 114, 1496, 6469, 10253, 55704, 7436, 9515, 253559, 2824, 2901, 6507, 4684, 8324, 9699, 3549, 27253, 1742, 2775, 57453, 84631, 4038, 4478, 50863, 6833, 40, 3845	125	4020	17910	1.176179104477612	0.9996968158190819	0.7208335409379707	0.6784315679416195
UP_KW_CELLULAR_COMPONENT	KW-0472~Membrane	57	44.18604651162791	0.6510190964275011	23208, 6752, 81849, 23200, 81846, 222537, 9066, 114, 26154, 1496, 1650, 10253, 6469, 7436, 51128, 253559, 2824, 2901, 6507, 11075, 8460, 27253, 79642, 1742, 84631, 84433, 26960, 78997, 5789, 6833, 3845, 8618, 3769, 8633, 22859, 9844, 8470, 442213, 773, 55704, 11122, 9515, 4684, 8324, 9699, 581, 3549, 1601, 2775, 57453, 10000, 4038, 4478, 50863, 6855, 40, 56605	125	8328	17910	0.9806628242074928	0.9999999999999997	1.0	0.9696969696969697

Annotation Cluster 28	Enrichment Score: 0.8638512906358987
Category	Term	Count	%	PValue	Genes	List Total	Pop Hits	Pop Total	Fold Enrichment	Bonferroni	Benjamini	FDR
GOTERM_BP_DIRECT	GO:0016525~negative regulation of angiogenesis	4	3.10077519379845	0.049784634064696846	7057, 10253, 6833, 7042	124	129	19256	4.815203800950238	1.0	0.5786518999137068	0.5672739131176507
GOTERM_BP_DIRECT	GO:0051897~positive regulation of protein kinase B signaling	4	3.10077519379845	0.11652269744969525	7057, 55704, 10253, 7042	124	186	19256	3.3395768296912935	1.0	0.846573067185541	0.8299269675498702
KEGG_PATHWAY	hsa05206:MicroRNAs in cancer	4	3.10077519379845	0.4415097300309974	7057, 10253, 7042, 3845	69	310	8662	1.6198223468910709	1.0	0.8787329578286842	0.805862419862403

Annotation Cluster 29	Enrichment Score: 0.7575398349752237
Category	Term	Count	%	PValue	Genes	List Total	Pop Hits	Pop Total	Fold Enrichment	Bonferroni	Benjamini	FDR
INTERPRO	IPR011993:PH-like_dom_sf	8	6.2015503875969	0.02291086544776711	1601, 56899, 9844, 26960, 10000, 4478, 81846, 8618	129	452	20603	2.826781916718118	0.9999907297396712	0.40912259728155553	0.4033948809196138
UP_SEQ_FEATURE	DOMAIN:PH	4	3.10077519379845	0.2457907322843201	9844, 10000, 81846, 8618	126	282	20562	2.314758527524485	1.0	1.0	1.0
INTERPRO	IPR001849:PH_domain	4	3.10077519379845	0.24589813306521402	9844, 10000, 81846, 8618	129	276	20603	2.314683743399618	1.0	1.0	0.9879759519038076
SMART	SM00233:PH	3	2.3255813953488373	0.6737184338343376	10000, 81846, 8618	93	267	10690	1.2915307478555031	1.0	1.0	1.0

Annotation Cluster 30	Enrichment Score: 0.74610139908774
Category	Term	Count	%	PValue	Genes	List Total	Pop Hits	Pop Total	Fold Enrichment	Bonferroni	Benjamini	FDR
UP_SEQ_FEATURE	DOMAIN:bHLH	3	2.3255813953488373	0.15275434401494978	4760, 3398, 6492	126	114	20562	4.294486215538846	1.0	1.0	1.0
INTERPRO	IPR036638:HLH_DNA-bd_sf	3	2.3255813953488373	0.1624296867994607	4760, 3398, 6492	129	116	20603	4.130513231756215	1.0	1.0	0.9879759519038076
INTERPRO	IPR011598:bHLH_dom	3	2.3255813953488373	0.1624296867994607	4760, 3398, 6492	129	116	20603	4.130513231756215	1.0	1.0	0.9879759519038076
SMART	SM00353:HLH	3	2.3255813953488373	0.25719944099368164	4760, 3398, 6492	93	114	10690	3.024900962082626	0.9999999999999966	1.0	1.0

Annotation Cluster 31	Enrichment Score: 0.598337445977736
Category	Term	Count	%	PValue	Genes	List Total	Pop Hits	Pop Total	Fold Enrichment	Bonferroni	Benjamini	FDR
INTERPRO	IPR015943:WD40/YVTN_repeat-like_dom_sf	6	4.651162790697675	0.07348120968921931	10391, 26960, 56884, 1780, 9515, 10512	129	359	20603	2.6693010299928743	1.0	1.0	0.9879759519038076
UP_SEQ_FEATURE	REPEAT:WD 5	4	3.10077519379845	0.2169174230209039	10391, 26960, 1780, 9515	126	264	20562	2.4725829725829724	1.0	1.0	1.0
UP_SEQ_FEATURE	REPEAT:WD 4	4	3.10077519379845	0.22168004281557666	10391, 26960, 1780, 9515	126	267	20562	2.444801141430355	1.0	1.0	1.0
UP_SEQ_FEATURE	REPEAT:WD 3	4	3.10077519379845	0.22486704187027548	10391, 26960, 1780, 9515	126	269	20562	2.4266241812710216	1.0	1.0	1.0
UP_SEQ_FEATURE	REPEAT:WD 1	4	3.10077519379845	0.23770318117763933	10391, 26960, 1780, 9515	126	277	20562	2.356541172425649	1.0	1.0	1.0
UP_SEQ_FEATURE	REPEAT:WD 2	4	3.10077519379845	0.23770318117763933	10391, 26960, 1780, 9515	126	277	20562	2.356541172425649	1.0	1.0	1.0
INTERPRO	IPR001680:WD40_rpt	4	3.10077519379845	0.24755674196579247	10391, 26960, 1780, 9515	129	277	20603	2.3063274843981754	1.0	1.0	0.9879759519038076
UP_KW_DOMAIN	KW-0853~WD repeat	4	3.10077519379845	0.2816827787220426	10391, 26960, 1780, 9515	96	284	14600	2.142018779342723	0.9986624021229761	0.804807939205836	0.7243271452852524
INTERPRO	IPR036322:WD40_repeat_dom_sf	4	3.10077519379845	0.3047477879781043	10391, 26960, 1780, 9515	129	311	20603	2.054188788354645	1.0	1.0	0.9879759519038076
UP_SEQ_FEATURE	REPEAT:WD 7	3	2.3255813953488373	0.35031325554715914	10391, 1780, 9515	126	203	20562	2.4116819141449684	1.0	1.0	1.0
SMART	SM00320:WD40	4	3.10077519379845	0.4255098312388694	10391, 26960, 1780, 9515	93	276	10690	1.665887486364345	1.0	1.0	1.0
UP_SEQ_FEATURE	REPEAT:WD 6	3	2.3255813953488373	0.4645321075728303	10391, 1780, 9515	126	257	20562	1.904947192884936	1.0	1.0	1.0

Annotation Cluster 32	Enrichment Score: 0.5954899160070144
Category	Term	Count	%	PValue	Genes	List Total	Pop Hits	Pop Total	Fold Enrichment	Bonferroni	Benjamini	FDR
UP_SEQ_FEATURE	DOMAIN:PDZ	3	2.3255813953488373	0.2361226759760318	1742, 84433, 9699	126	152	20562	3.220864661654135	1.0	1.0	1.0
INTERPRO	IPR001478:PDZ	3	2.3255813953488373	0.2597160873644323	1742, 84433, 9699	129	159	20603	3.013456194237239	1.0	1.0	0.9879759519038076
INTERPRO	IPR036034:PDZ_sf	3	2.3255813953488373	0.2666206015622726	1742, 84433, 9699	129	162	20603	2.9576514498995117	1.0	1.0	0.9879759519038076

Annotation Cluster 33	Enrichment Score: 0.48655265535962505
Category	Term	Count	%	PValue	Genes	List Total	Pop Hits	Pop Total	Fold Enrichment	Bonferroni	Benjamini	FDR
GOTERM_MF_DIRECT	GO:0001227~transcriptional repressor activity, RNA polymerase II transcription regulatory region sequence-specific binding	6	4.651162790697675	0.07058528738967365	53335, 6299, 2908, 3642, 7020, 4825	126	333	18883	2.7002717002717	0.9999999999100055	1.0	1.0
GOTERM_BP_DIRECT	GO:0045892~negative regulation of transcription, DNA-templated	5	3.875968992248062	0.498647566630718	652, 6299, 3398, 2908, 7020	124	572	19256	1.3574328896909542	1.0	1.0	0.9810260014054814
UP_SEQ_FEATURE	CROSSLNK:Glycyl lysine isopeptide (Lys-Gly) (interchain with G-Cter in SUMO2)	4	3.10077519379845	0.9859028965906349	53335, 6299, 2908, 7020	126	1277	20562	0.5111682887720476	1.0	1.0	1.0

Annotation Cluster 34	Enrichment Score: 0.349489350772365
Category	Term	Count	%	PValue	Genes	List Total	Pop Hits	Pop Total	Fold Enrichment	Bonferroni	Benjamini	FDR
GOTERM_CC_DIRECT	GO:0016020~membrane	44	34.10852713178294	0.06722761060550489	22859, 8633, 10391, 9844, 1462, 81849, 23200, 222537, 9066, 81846, 3958, 442213, 773, 114, 26154, 1650, 10253, 55704, 2908, 11122, 70, 7436, 253559, 2824, 2901, 6507, 4684, 11075, 8324, 9699, 8460, 581, 27253, 79642, 2775, 84631, 26960, 78997, 10000, 6855, 5789, 6833, 40, 3845	129	5595	20521	1.2510117699219265	0.9999998957244243	0.4852993140584884	0.44958464592431396
UP_SEQ_FEATURE	TOPO_DOM:Cytoplasmic	28	21.705426356589147	0.24889166768447907	23208, 22859, 8633, 6752, 81849, 23200, 222537, 9066, 773, 114, 1650, 11122, 7436, 253559, 2901, 6507, 4684, 8324, 8460, 27253, 57453, 84631, 4038, 6855, 5789, 6833, 40, 3769	126	3882	20562	1.1770565000858664	1.0	1.0	1.0
UP_SEQ_FEATURE	TOPO_DOM:Extracellular	20	15.503875968992247	0.44805532791695946	22859, 8633, 4684, 6752, 8324, 23200, 27253, 773, 57453, 84631, 11122, 4038, 7436, 6833, 5789, 40, 253559, 6507, 2901, 3769	126	2978	20562	1.0959736480220026	1.0	1.0	1.0
UP_KW_CELLULAR_COMPONENT	KW-0472~Membrane	57	44.18604651162791	0.6510190964275011	23208, 6752, 81849, 23200, 81846, 222537, 9066, 114, 26154, 1496, 1650, 10253, 6469, 7436, 51128, 253559, 2824, 2901, 6507, 11075, 8460, 27253, 79642, 1742, 84631, 84433, 26960, 78997, 5789, 6833, 3845, 8618, 3769, 8633, 22859, 9844, 8470, 442213, 773, 55704, 11122, 9515, 4684, 8324, 9699, 581, 3549, 1601, 2775, 57453, 10000, 4038, 4478, 50863, 6855, 40, 56605	125	8328	17910	0.9806628242074928	0.9999999999999997	1.0	0.9696969696969697
UP_KW_DOMAIN	KW-1133~Transmembrane helix	34	26.356589147286826	0.8886645423361411	23208, 22859, 8633, 6752, 81849, 23200, 222537, 9066, 442213, 773, 114, 26154, 1650, 11122, 7436, 253559, 2824, 2901, 6507, 4684, 8324, 8460, 581, 27253, 79642, 57453, 84631, 78997, 4038, 6855, 5789, 6833, 40, 3769	96	5885	14600	0.8786462758425375	1.0	1.0	0.9473684210526315
UP_KW_DOMAIN	KW-0812~Transmembrane	34	26.356589147286826	0.901926846385329	23208, 22859, 8633, 6752, 81849, 23200, 222537, 9066, 442213, 773, 114, 26154, 1650, 11122, 7436, 253559, 2824, 2901, 6507, 4684, 8324, 8460, 581, 27253, 79642, 57453, 84631, 78997, 4038, 6855, 5789, 6833, 40, 3769	96	5939	14600	0.8706572374698321	1.0	1.0	0.9473684210526315
UP_SEQ_FEATURE	TRANSMEM:Helical	28	21.705426356589147	0.9144963380049388	23208, 8633, 23200, 9066, 442213, 773, 114, 26154, 1650, 11122, 7436, 253559, 2824, 2901, 6507, 4684, 581, 27253, 79642, 57453, 84631, 78997, 4038, 6855, 5789, 6833, 40, 3769	126	5455	20562	0.8376413076688053	1.0	1.0	1.0

Annotation Cluster 35	Enrichment Score: 0.3007533382751699
Category	Term	Count	%	PValue	Genes	List Total	Pop Hits	Pop Total	Fold Enrichment	Bonferroni	Benjamini	FDR
GOTERM_CC_DIRECT	GO:0000139~Golgi membrane	8	6.2015503875969	0.1397943735634463	3549, 26154, 4684, 6469, 81849, 8460, 222537, 3845	129	689	20521	1.8470539260359358	0.9999999999999992	0.6830240470315385	0.6327582080725076
UP_SEQ_FEATURE	TRANSMEM:Helical; Signal-anchor for type II membrane protein	3	2.3255813953488373	0.7075190706455985	81849, 8460, 222537	126	404	20562	1.2118104667609617	1.0	1.0	1.0
UP_SEQ_FEATURE	TOPO_DOM:Lumenal	4	3.10077519379845	0.7789872068321706	1650, 81849, 8460, 222537	126	671	20562	0.9728195301965793	1.0	1.0	1.0
UP_KW_DOMAIN	KW-0735~Signal-anchor	3	2.3255813953488373	0.8132582521512648	81849, 8460, 222537	96	468	14600	0.9748931623931625	0.9999999999999973	1.0	0.9473684210526315

Annotation Cluster 36	Enrichment Score: 0.2620952515665382
Category	Term	Count	%	PValue	Genes	List Total	Pop Hits	Pop Total	Fold Enrichment	Bonferroni	Benjamini	FDR
GOTERM_MF_DIRECT	GO:0003924~GTPase activity	4	3.10077519379845	0.4148011277128669	22836, 2775, 51128, 3845	126	353	18883	1.6981878681595395	1.0	1.0	1.0
GOTERM_MF_DIRECT	GO:0005525~GTP binding	4	3.10077519379845	0.5106591913535605	22836, 2775, 51128, 3845	126	409	18883	1.465673147824737	1.0	1.0	1.0
UP_KW_LIGAND	KW-0342~GTP-binding	3	2.3255813953488373	0.7722237665855077	2775, 51128, 3845	52	375	6921	1.064769230769231	0.9999999999999678	1.0	1.0

Annotation Cluster 37	Enrichment Score: 0.18774057849960815
Category	Term	Count	%	PValue	Genes	List Total	Pop Hits	Pop Total	Fold Enrichment	Bonferroni	Benjamini	FDR
GOTERM_MF_DIRECT	GO:0046872~metal ion binding	21	16.27906976744186	0.3673638975855765	5063, 4010, 3670, 6299, 8543, 9699, 1280, 3549, 773, 79642, 114, 2775, 53335, 6469, 3642, 51128, 50940, 10631, 56999, 8618, 6507	126	2760	18883	1.1402777777777777	1.0	1.0	1.0
UP_KW_LIGAND	KW-0479~Metal-binding	29	22.48062015503876	0.7547425259296607	5063, 23208, 4010, 6299, 23200, 9066, 1280, 773, 114, 6469, 2908, 51128, 56999, 6507, 3670, 4320, 8543, 9699, 7273, 3549, 79642, 2775, 53335, 56884, 9705, 3642, 50940, 55959, 8618	52	4058	6921	0.9511553626265307	0.9999999999998479	1.0	1.0
UP_KW_LIGAND	KW-0862~Zinc	13	10.077519379844961	0.986013745876743	4010, 3670, 4320, 6299, 8543, 9699, 3549, 53335, 6469, 2908, 9705, 3642, 56999	52	2555	6921	0.6772015655577299	1.0	1.0	1.0

Annotation Cluster 38	Enrichment Score: 0.1714843127776919
Category	Term	Count	%	PValue	Genes	List Total	Pop Hits	Pop Total	Fold Enrichment	Bonferroni	Benjamini	FDR
GOTERM_MF_DIRECT	GO:0001227~transcriptional repressor activity, RNA polymerase II transcription regulatory region sequence-specific binding	6	4.651162790697675	0.07058528738967365	53335, 6299, 2908, 3642, 7020, 4825	126	333	18883	2.7002717002717	0.9999999999100055	1.0	1.0
UP_KW_MOLECULAR_FUNCTION	KW-0678~Repressor	6	4.651162790697675	0.5107154308789753	53335, 6299, 3398, 9705, 3642, 4825	89	635	11872	1.2604087410422011	0.9999999999998129	1.0	0.975
UP_SEQ_FEATURE	ZN_FING:C2H2-type 5	3	2.3255813953488373	0.8662169884545279	53335, 6299, 3642	126	572	20562	0.8558941058941059	1.0	1.0	1.0
UP_SEQ_FEATURE	ZN_FING:C2H2-type 4	3	2.3255813953488373	0.8878634365047049	53335, 6299, 3642	126	608	20562	0.8052161654135338	1.0	1.0	1.0
INTERPRO	IPR013087:Znf_C2H2_type	4	3.10077519379845	0.8926273693156964	53335, 6299, 3642, 8470	129	828	20603	0.7715612477998727	1.0	1.0	0.9879759519038076
UP_SEQ_FEATURE	ZN_FING:C2H2-type 2	3	2.3255813953488373	0.9014435828641892	53335, 6299, 3642	126	634	20562	0.7721946822893194	1.0	1.0	1.0
UP_SEQ_FEATURE	ZN_FING:C2H2-type 3	3	2.3255813953488373	0.9112845947364693	53335, 6299, 3642	126	655	20562	0.7474372955288985	1.0	1.0	1.0
INTERPRO	IPR036236:Znf_C2H2_sf	3	2.3255813953488373	0.9607739825626734	53335, 6299, 3642	129	796	20603	0.6019340890499006	1.0	1.0	0.9879759519038076
SMART	SM00355:ZnF_C2H2	3	2.3255813953488373	0.9921845738948997	53335, 6299, 3642	93	776	10690	0.44437978051213833	1.0	1.0	1.0
UP_KW_DOMAIN	KW-0863~Zinc-finger	6	4.651162790697675	0.9949800046675593	53335, 6299, 9699, 2908, 9705, 3642	96	1845	14600	0.494579945799458	1.0	1.0	0.9949800046675593

Annotation Cluster 39	Enrichment Score: 0.07557204276863433
Category	Term	Count	%	PValue	Genes	List Total	Pop Hits	Pop Total	Fold Enrichment	Bonferroni	Benjamini	FDR
UP_KW_MOLECULAR_FUNCTION	KW-0645~Protease	4	3.10077519379845	0.7830261633588396	3549, 4320, 6469, 56999	89	552	11872	0.9666178146881615	1.0	1.0	0.975
GOTERM_MF_DIRECT	GO:0008270~zinc ion binding	5	3.875968992248062	0.8456337622165825	4320, 6469, 2908, 9705, 56999	126	889	18883	0.8428857107147321	1.0	1.0	1.0
GOTERM_BP_DIRECT	GO:0006508~proteolysis	3	2.3255813953488373	0.8960356401971405	4320, 6469, 56999	124	593	19256	0.7856171462764511	1.0	1.0	0.9810260014054814

Annotation Cluster 40	Enrichment Score: 0.07117937094716871
Category	Term	Count	%	PValue	Genes	List Total	Pop Hits	Pop Total	Fold Enrichment	Bonferroni	Benjamini	FDR
GOTERM_MF_DIRECT	GO:0004674~protein serine/threonine kinase activity	3	2.3255813953488373	0.7293661362934816	5063, 10000, 7273	126	387	18883	1.161744801279685	1.0	1.0	1.0
UP_KW_MOLECULAR_FUNCTION	KW-0723~Serine/threonine-protein kinase	3	2.3255813953488373	0.8006382137859247	5063, 10000, 7273	89	399	11872	1.0029568302779421	1.0	1.0	0.975
UP_SEQ_FEATURE	DOMAIN:Protein kinase	3	2.3255813953488373	0.8147354849668288	5063, 10000, 7273	126	504	20562	0.9713718820861678	1.0	1.0	1.0
INTERPRO	IPR000719:Prot_kinase_dom	3	2.3255813953488373	0.8197999813472747	5063, 10000, 7273	129	499	20603	0.9601994687048515	1.0	1.0	0.9879759519038076
INTERPRO	IPR011009:Kinase-like_dom_sf	3	2.3255813953488373	0.8560333230738657	5063, 10000, 7273	129	545	20603	0.879155109878387	1.0	1.0	0.9879759519038076
UP_SEQ_FEATURE	ACT_SITE:Proton acceptor	4	3.10077519379845	0.905398427651654	5063, 216, 10000, 7273	126	875	20562	0.7460136054421769	1.0	1.0	1.0
GOTERM_BP_DIRECT	GO:0016310~phosphorylation	3	2.3255813953488373	0.9112014789326203	5063, 10000, 7273	124	623	19256	0.7477864650753379	1.0	1.0	0.9810260014054814
UP_KW_MOLECULAR_FUNCTION	KW-0418~Kinase	3	2.3255813953488373	0.9783939603916026	5063, 10000, 7273	89	752	11872	0.5321539564905571	1.0	1.0	0.9783939603916026

Annotation Cluster 41	Enrichment Score: 0.048136597870240674
Category	Term	Count	%	PValue	Genes	List Total	Pop Hits	Pop Total	Fold Enrichment	Bonferroni	Benjamini	FDR
UP_SEQ_FEATURE	TRANSMEM:Helical; Name=7	5	3.875968992248062	0.8349044145459322	22859, 6752, 8324, 6833, 6507	126	950	20562	0.8588972431077694	1.0	1.0	1.0
UP_SEQ_FEATURE	TRANSMEM:Helical; Name=6	5	3.875968992248062	0.8740555483588083	22859, 6752, 8324, 6833, 6507	126	1022	20562	0.7983878482900009	1.0	1.0	1.0
UP_SEQ_FEATURE	TRANSMEM:Helical; Name=5	5	3.875968992248062	0.8769293200891114	22859, 6752, 8324, 6833, 6507	126	1028	20562	0.79372799703539	1.0	1.0	1.0
UP_SEQ_FEATURE	TRANSMEM:Helical; Name=3	5	3.875968992248062	0.8869917301191129	22859, 6752, 8324, 6833, 6507	126	1050	20562	0.7770975056689342	1.0	1.0	1.0
UP_SEQ_FEATURE	TRANSMEM:Helical; Name=4	5	3.875968992248062	0.8883074830833958	22859, 6752, 8324, 6833, 6507	126	1053	20562	0.7748835526613304	1.0	1.0	1.0
UP_SEQ_FEATURE	TRANSMEM:Helical; Name=1	5	3.875968992248062	0.8959276067000477	22859, 6752, 8324, 6833, 6507	126	1071	20562	0.7618602996754257	1.0	1.0	1.0
UP_SEQ_FEATURE	TRANSMEM:Helical; Name=2	5	3.875968992248062	0.8963374065236507	22859, 6752, 8324, 6833, 6507	126	1072	20562	0.7611496090973703	1.0	1.0	1.0
UP_KW_MOLECULAR_FUNCTION	KW-0807~Transducer	5	3.875968992248062	0.9206060602575781	2775, 22859, 6752, 8324, 345557	89	927	11872	0.719488988279214	1.0	1.0	0.975
UP_KW_MOLECULAR_FUNCTION	KW-0297~G-protein coupled receptor	3	2.3255813953488373	0.9893024305463574	22859, 6752, 8324	89	855	11872	0.46804652079637293	1.0	1.0	0.9893024305463574

